{
  "advancedEditorSelectedIdentifier" : "ProjectBrowser",
  "openSceneRelativePaths" : [

  ],
  "recentIdentifiers" : {
    "9DF4BD6F-4B05-42D7-BB82-C10D047C30B8" : [

    ]
  },
  "sceneCameraHistory" : {
    "9DF4BD6F-4B05-42D7-BB82-C10D047C30B8" : [
      {
        "date" : 775060088.535801,
        "title" : "Untitled",
        "transform" : [
          0.94763243,
          -1.8900359e-08,
          -0.31936336,
          0,
          -0.21067932,
          0.751542,
          -0.62513906,
          0,
          0.24001499,
          0.65968525,
          0.7121855,
          0,
          1.2775838,
          4.0979605,
          4.4291253,
          1
        ]
      },
      {
        "date" : 775060082.699522,
        "title" : "Untitled",
        "transform" : [
          0.94763243,
          -1.8900359e-08,
          -0.31936336,
          0,
          -0.21067932,
          0.751542,
          -0.62513906,
          0,
          0.24001502,
          0.6596853,
          0.71218556,
          0,
          3.5217795,
          11.2964115,
          12.209298,
          1
        ]
      },
      {
        "date" : 775060070.590826,
        "title" : "Untitled",
        "transform" : [
          0.90122795,
          -2.9503667e-08,
          -0.43334535,
          0,
          -0.2502747,
          0.8163617,
          -0.5204959,
          0,
          0.35376668,
          0.5775409,
          0.7357281,
          0,
          0.72841966,
          2.1570146,
          2.8114486,
          1
        ]
      },
      {
        "date" : 775060046.502052,
        "title" : "Untitled",
        "transform" : [
          0.90122795,
          -2.9503667e-08,
          -0.43334535,
          0,
          -0.2502747,
          0.8163617,
          -0.5204959,
          0,
          0.35376668,
          0.5775409,
          0.7357281,
          0,
          0.66999495,
          2.1570132,
          2.8395426,
          1
        ]
      },
      {
        "date" : 775060043.690672,
        "title" : "Untitled",
        "transform" : [
          0.90122795,
          -2.9503667e-08,
          -0.43334535,
          0,
          -0.2502747,
          0.8163617,
          -0.5204959,
          0,
          0.35376668,
          0.5775409,
          0.7357281,
          0,
          2.7471037,
          4.4847717,
          5.7131414,
          1
        ]
      },
      {
        "date" : 775059945.887662,
        "title" : "Untitled",
        "transform" : [
          0.90122795,
          -2.9503667e-08,
          -0.43334535,
          0,
          -0.2502747,
          0.8163617,
          -0.5204959,
          0,
          0.35376668,
          0.5775409,
          0.7357281,
          0,
          0.6486156,
          1.0588958,
          1.3489251,
          1
        ]
      },
      {
        "date" : 773031213.753014,
        "title" : "Untitled",
        "transform" : [
          0.9012281,
          -2.950367e-08,
          -0.4333454,
          0,
          -0.25027472,
          0.81636184,
          -0.52049595,
          0,
          0.35376668,
          0.5775409,
          0.7357281,
          0,
          0.91494685,
          1.4936942,
          1.9028138,
          1
        ]
      }
    ]
  },
  "sceneViewportBackgroundColors" : {

  }
}