{
  "advancedEditorSelectedIdentifier" : "ProjectBrowser",
  "openSceneRelativePaths" : [
    "Immersive.usda",
    "Scene.usda",
    "Fog_Particle.usda"
  ],
  "recentIdentifiers" : {
    "D66134B1-3681-4A8E-AFE5-29F257229F3B" : [

    ],
    "DB03439B-2709-4E4F-9896-31C3CC9DD5E0" : [

    ]
  },
  "sceneCameraHistory" : {
    "1D572CEB-057A-41C3-B575-04C37501A3C0" : [
      {
        "date" : 773130837.580794,
        "title" : "Untitled",
        "transform" : [
          0.9976782,
          4.0591286e-09,
          0.06810463,
          0,
          0.0134600755,
          0.980275,
          -0.19717944,
          0,
          -0.066761285,
          0.19763836,
          0.977999,
          0,
          0.2623319,
          1.795115,
          10.666613,
          1
        ]
      },
      {
        "date" : 773130835.456871,
        "title" : "Untitled",
        "transform" : [
          0.9976782,
          4.0591286e-09,
          0.06810463,
          0,
          0.0134600755,
          0.980275,
          -0.19717944,
          0,
          -0.066761285,
          0.19763836,
          0.977999,
          0,
          0.69101965,
          3.164578,
          10.419128,
          1
        ]
      },
      {
        "date" : 773130830.256965,
        "title" : "Untitled",
        "transform" : [
          0.9976782,
          4.0591286e-09,
          0.06810463,
          0,
          0.0134600755,
          0.980275,
          -0.19717944,
          0,
          -0.066761285,
          0.19763836,
          0.977999,
          0,
          -0.89826214,
          0.84895563,
          10.77859,
          1
        ]
      },
      {
        "date" : 773130790.751631,
        "title" : "Untitled",
        "transform" : [
          0.9976782,
          4.0591286e-09,
          0.06810463,
          0,
          0.0134600755,
          0.980275,
          -0.19717944,
          0,
          -0.066761285,
          0.19763836,
          0.977999,
          0,
          -0.26307818,
          0.24863756,
          3.1567755,
          1
        ]
      },
      {
        "date" : 773130759.812205,
        "title" : "Untitled",
        "transform" : [
          0.9976782,
          4.0591286e-09,
          0.06810463,
          0,
          0.0134600755,
          0.980275,
          -0.19717944,
          0,
          -0.066761285,
          0.19763836,
          0.977999,
          0,
          -0.19959804,
          1.3750082,
          2.933487,
          1
        ]
      },
      {
        "date" : 773130755.830101,
        "title" : "Untitled",
        "transform" : [
          0.9976782,
          4.0591286e-09,
          0.06810463,
          0,
          0.0134600755,
          0.980275,
          -0.19717944,
          0,
          -0.066761285,
          0.19763836,
          0.977999,
          0,
          -12.862327,
          38.8627,
          188.43723,
          1
        ]
      },
      {
        "date" : 773128995.120431,
        "title" : "Untitled",
        "transform" : [
          0.9976782,
          4.0591286e-09,
          0.06810463,
          0,
          0.0134600755,
          0.980275,
          -0.19717944,
          0,
          -0.066761285,
          0.19763836,
          0.977999,
          0,
          -0.11940743,
          1.1388837,
          1.7646466,
          1
        ]
      },
      {
        "date" : 773128985.848988,
        "title" : "Untitled",
        "transform" : [
          0.9996115,
          3.6516348e-09,
          0.027870571,
          0,
          0.016714865,
          0.80020094,
          -0.599499,
          0,
          -0.022302078,
          0.5997319,
          0.79989004,
          0,
          0.12415069,
          3.8713248,
          2.6865816,
          1
        ]
      },
      {
        "date" : 773128975.509036,
        "title" : "Untitled",
        "transform" : [
          0.71115994,
          -2.365157e-10,
          0.70303017,
          0,
          0.12399961,
          0.9843224,
          -0.12543353,
          0,
          -0.6920084,
          0.17637874,
          0.70001066,
          0,
          -1.5758971,
          1.4092164,
          -0.46225476,
          1
        ]
      },
      {
        "date" : 773128971.371795,
        "title" : "Untitled",
        "transform" : [
          0.7709098,
          -1.3368862e-10,
          0.6369443,
          0,
          0.16518469,
          0.96578634,
          -0.19992721,
          0,
          -0.6151521,
          0.25933924,
          0.7445341,
          0,
          0.21366,
          1.5764705,
          -1.5292629,
          1
        ]
      }
    ],
    "D66134B1-3681-4A8E-AFE5-29F257229F3B" : [
      {
        "date" : 773131246.266683,
        "title" : "Untitled",
        "transform" : [
          0.99892884,
          -4.308178e-09,
          0.046273418,
          0,
          0.026623009,
          0.81791335,
          -0.5747253,
          0,
          -0.03784751,
          0.57534146,
          0.8170372,
          0,
          -0.04659941,
          0.4391119,
          0.6841551,
          1
        ]
      },
      {
        "date" : 773130649.999561,
        "title" : "Untitled",
        "transform" : [
          0.99892884,
          -4.308178e-09,
          0.046273418,
          0,
          0.026623009,
          0.81791335,
          -0.5747253,
          0,
          -0.03784751,
          0.57534146,
          0.8170372,
          0,
          -0.074531406,
          0.7023185,
          1.0942422,
          1
        ]
      },
      {
        "date" : 773130633.282637,
        "title" : "Untitled",
        "transform" : [
          0.99887234,
          -4.308178e-09,
          0.047477536,
          0,
          0.027315788,
          0.81791335,
          -0.5746927,
          0,
          -0.038832374,
          0.57534146,
          0.816991,
          0,
          -0.038631804,
          0.3577019,
          0.5572687,
          1
        ]
      },
      {
        "date" : 773130627.035764,
        "title" : "Untitled",
        "transform" : [
          0.99968255,
          -6.073436e-09,
          -0.025201596,
          0,
          -0.0029083276,
          0.9933189,
          -0.11536556,
          0,
          0.025033345,
          0.11540219,
          0.99300337,
          0,
          0.004543568,
          0.047911387,
          0.6615703,
          1
        ]
      },
      {
        "date" : 773130622.917638,
        "title" : "Untitled",
        "transform" : [
          0.96954274,
          -5.241832e-09,
          -0.24492282,
          0,
          -0.16781521,
          0.7283776,
          -0.6643073,
          0,
          0.17839636,
          0.685176,
          0.706193,
          0,
          0.111265264,
          0.43305016,
          0.48997858,
          1
        ]
      },
      {
        "date" : 773130582.652574,
        "title" : "Untitled",
        "transform" : [
          0.9873797,
          -8.486298e-09,
          -0.15837121,
          0,
          -0.07090974,
          0.8941618,
          -0.44209337,
          0,
          0.14160958,
          0.44774407,
          0.88287705,
          0,
          0.08388907,
          0.2709661,
          0.5996094,
          1
        ]
      },
      {
        "date" : 773130399.373592,
        "title" : "Untitled",
        "transform" : [
          0.9873797,
          -8.486298e-09,
          -0.15837121,
          0,
          -0.07090974,
          0.8941618,
          -0.44209337,
          0,
          0.14160958,
          0.44774407,
          0.88287705,
          0,
          0.03007266,
          0.22576463,
          0.6311648,
          1
        ]
      },
      {
        "date" : 773130397.629186,
        "title" : "Untitled",
        "transform" : [
          0.9873797,
          -8.486298e-09,
          -0.15837121,
          0,
          -0.07090974,
          0.8941618,
          -0.44209337,
          0,
          0.14160958,
          0.44774407,
          0.88287705,
          0,
          -0.0947801,
          0.26754844,
          0.63000023,
          1
        ]
      },
      {
        "date" : 773130389.440322,
        "title" : "Untitled",
        "transform" : [
          0.51933575,
          -9.595666e-09,
          -0.8545703,
          0,
          -0.4498397,
          0.8502414,
          -0.27337468,
          0,
          0.7265911,
          0.526393,
          0.44156066,
          0,
          0.34600174,
          0.13058229,
          0.32636797,
          1
        ]
      },
      {
        "date" : 773130387.630152,
        "title" : "Untitled",
        "transform" : [
          0.51933575,
          -9.595666e-09,
          -0.8545703,
          0,
          -0.4498397,
          0.8502414,
          -0.27337468,
          0,
          0.7265911,
          0.526393,
          0.44156066,
          0,
          0.43353727,
          0.3210885,
          0.56426024,
          1
        ]
      }
    ],
    "DB03439B-2709-4E4F-9896-31C3CC9DD5E0" : [
      {
        "date" : 773131032.436848,
        "title" : "Untitled",
        "transform" : [
          0.59996843,
          -1.5528695e-08,
          -0.8000237,
          0,
          -0.51495874,
          0.7652953,
          -0.38618731,
          0,
          0.6122544,
          0.6436793,
          0.459153,
          0,
          0.41662803,
          0.3366897,
          0.33028203,
          1
        ]
      },
      {
        "date" : 773131012.627622,
        "title" : "Untitled",
        "transform" : [
          0.59996843,
          -1.5528695e-08,
          -0.8000237,
          0,
          -0.51495874,
          0.7652953,
          -0.38618731,
          0,
          0.6122544,
          0.6436793,
          0.459153,
          0,
          0.38171148,
          0.4013036,
          0.28626013,
          1
        ]
      },
      {
        "date" : 773131009.169713,
        "title" : "Untitled",
        "transform" : [
          0.8451114,
          -3.2376792e-09,
          -0.53459024,
          0,
          -0.09419116,
          0.9843556,
          -0.14890283,
          0,
          0.526227,
          0.17619312,
          0.83189005,
          0,
          0.32807752,
          0.10984812,
          0.51864403,
          1
        ]
      },
      {
        "date" : 773130999.592862,
        "title" : "Untitled",
        "transform" : [
          0.88543296,
          -3.269589e-09,
          -0.4647672,
          0,
          -0.08217815,
          0.984244,
          -0.15655842,
          0,
          0.45744443,
          0.17681567,
          0.8714821,
          0,
          0.2851948,
          0.110236235,
          0.5433277,
          1
        ]
      },
      {
        "date" : 773130981.438821,
        "title" : "Untitled",
        "transform" : [
          0.9639751,
          -2.5003495e-09,
          0.26599258,
          0,
          0.06624627,
          0.96848977,
          -0.24008115,
          0,
          -0.257611,
          0.24905328,
          0.93360007,
          0,
          -0.16060823,
          0.15527292,
          0.5820553,
          1
        ]
      },
      {
        "date" : 773130977.960105,
        "title" : "Untitled",
        "transform" : [
          0.7683985,
          -2.804553e-09,
          -0.6399717,
          0,
          -0.34456846,
          0.8426818,
          -0.41371495,
          0,
          0.5392925,
          0.53841203,
          0.64751536,
          0,
          0.3362232,
          0.33567432,
          0.40369505,
          1
        ]
      },
      {
        "date" : 773130976.195048,
        "title" : "Untitled",
        "transform" : [
          0.7683985,
          -2.804553e-09,
          -0.6399717,
          0,
          -0.34456846,
          0.8426818,
          -0.41371495,
          0,
          0.5392925,
          0.53841203,
          0.64751536,
          0,
          0.54390484,
          0.5430169,
          0.65305334,
          1
        ]
      },
      {
        "date" : 773130957.953012,
        "title" : "Untitled",
        "transform" : [
          0.9610792,
          -9.7819e-10,
          -0.276273,
          0,
          -0.10294275,
          0.92798716,
          -0.35810998,
          0,
          0.25637782,
          0.3726124,
          0.8918691,
          0,
          0.25857052,
          0.37579924,
          0.899497,
          1
        ]
      }
    ]
  },
  "sceneViewportBackgroundColors" : {
    "DB03439B-2709-4E4F-9896-31C3CC9DD5E0" : [
      0.14079812,
      0.022138378,
      0.14314191,
      1
    ]
  },
  "selectedSceneRelativePath" : "Scene.usda"
}