{
  "advancedEditorSelectedIdentifier" : "ShaderGraphEditorPluginID",
  "openSceneRelativePaths" : [
    "Immersive.usda"
  ],
  "recentIdentifiers" : {
    "1D572CEB-057A-41C3-B575-04C37501A3C0" : [

    ]
  },
  "sceneCameraHistory" : {
    "1D572CEB-057A-41C3-B575-04C37501A3C0" : [
      {
        "date" : 773137544.655896,
        "title" : "Untitled",
        "transform" : [
          0.5165159,
          7.0869985e-09,
          -0.8562775,
          0,
          -0.23531118,
          0.9614994,
          -0.14194228,
          0,
          0.8233104,
          0.274807,
          0.49662977,
          0,
          0.5424602,
          0.3007093,
          0.2959756,
          1
        ]
      },
      {
        "date" : 773137540.873158,
        "title" : "Untitled",
        "transform" : [
          0.5165159,
          7.0869985e-09,
          -0.8562775,
          0,
          -0.23531118,
          0.9614994,
          -0.14194228,
          0,
          0.8233104,
          0.274807,
          0.49662977,
          0,
          0.54231,
          0.19940616,
          0.35228,
          1
        ]
      },
      {
        "date" : 773137344.693989,
        "title" : "Untitled",
        "transform" : [
          0.5165159,
          7.0869985e-09,
          -0.8562775,
          0,
          -0.23531118,
          0.9614994,
          -0.14194228,
          0,
          0.8233104,
          0.274807,
          0.49662977,
          0,
          0.3464777,
          0.13404065,
          0.2341518,
          1
        ]
      },
      {
        "date" : 773137336.826441,
        "title" : "Untitled",
        "transform" : [
          0.58005786,
          1.14123395e-08,
          -0.8145752,
          0,
          -0.02994615,
          0.999324,
          -0.02132463,
          0,
          0.8140245,
          0.036762778,
          0.5796657,
          0,
          0.33039674,
          0.032238476,
          0.26171547,
          1
        ]
      },
      {
        "date" : 773137307.509436,
        "title" : "Untitled",
        "transform" : [
          0.96980596,
          8.2573265e-10,
          -0.24387772,
          0,
          -0.11368004,
          0.88471335,
          -0.45206097,
          0,
          0.21576189,
          0.4661353,
          0.85800034,
          0,
          0.076733634,
          0.21939695,
          0.39345306,
          1
        ]
      },
      {
        "date" : 773137290.022071,
        "title" : "Untitled",
        "transform" : [
          0.96980596,
          8.2573265e-10,
          -0.24387772,
          0,
          -0.11368004,
          0.88471335,
          -0.45206097,
          0,
          0.21576189,
          0.4661353,
          0.85800034,
          0,
          0.08115534,
          0.25161386,
          0.3748383,
          1
        ]
      },
      {
        "date" : 773137194.852988,
        "title" : "Untitled",
        "transform" : [
          0.96980596,
          8.2573265e-10,
          -0.24387772,
          0,
          -0.11368004,
          0.88471335,
          -0.45206097,
          0,
          0.21576189,
          0.4661353,
          0.85800034,
          0,
          0.12083978,
          0.31600046,
          0.32987884,
          1
        ]
      },
      {
        "date" : 773137084.189581,
        "title" : "Untitled",
        "transform" : [
          0.96980596,
          8.2573265e-10,
          -0.24387772,
          0,
          -0.11368004,
          0.88471335,
          -0.45206097,
          0,
          0.21576189,
          0.4661353,
          0.85800034,
          0,
          0.05927129,
          0.1549966,
          0.16180387,
          1
        ]
      },
      {
        "date" : 773137051.413336,
        "title" : "Untitled",
        "transform" : [
          0.96980596,
          8.2573265e-10,
          -0.24387772,
          0,
          -0.11368004,
          0.88471335,
          -0.45206097,
          0,
          0.21576189,
          0.4661353,
          0.85800034,
          0,
          0.14189617,
          0.29963592,
          0.51589525,
          1
        ]
      },
      {
        "date" : 773137036.78861,
        "title" : "Untitled",
        "transform" : [
          0.5113256,
          -5.0564553e-12,
          -0.859387,
          0,
          -0.44993624,
          0.85199195,
          -0.26770702,
          0,
          0.7321909,
          0.5235547,
          0.43564537,
          0,
          0.5712708,
          0.3510735,
          0.09289643,
          1
        ]
      }
    ]
  },
  "sceneViewportBackgroundColors" : {

  }
}